20221101 0900 1700
20221102 0900 1700
20221103 0900 1700
20221104 0900 1700
20221105 1000 1400
20221106 0000 0000
20221107 0900 1700
20221108 0900 1700
20221109 0900 1700
20221110 0900 1700
20221111 0900 1700
20221112 1000 1400
20221113 0000 0000
20221114 0900 1700
20221115 0900 1700
20221116 0900 1700
20221117 0900 1700
20221118 0900 1700
20221119 1000 1400
20221120 0000 0000
20221121 0000 0000
20221122 0900 1700
20221123 0900 1700
20221124 0900 1700
20221125 0900 1700
20221126 1000 1400
20221127 0000 0000
20221128 0900 1700
20221129 0900 1700
20221130 0900 1700
20221201 0900 1700
20221202 0900 1700
20221203 1000 1400
20221204 0000 0000
20221205 0900 1700
20221206 0900 1700
20221207 0900 1700
20221208 0000 0000
20221209 0900 1700
20221210 1000 1400
20221211 0000 0000
20221212 0900 1700
20221213 0900 1700
20221214 0900 1700
20221215 0900 1700
20221216 0900 1700
20221217 1000 1400
20221218 0000 0000
20221219 0900 1700
20221220 0000 0000
20221221 0900 1700
20221222 0900 1700
20221223 0900 1700
20221224 0000 0000
20221225 0000 0000
20221226 0900 1700
20221227 0900 1700
20221228 0900 1700
20221229 0900 1700
20221230 0900 1700
20221231 0000 0000

